konkrétan kivontam a sorszámot a csúcsszám-1-ből.....
9 10
14 27
456 319
488 717
24 606
394 306
336 486
608 430
41 1
656 16
663 559
683 370
19 718
10 597
769 460
41 57
559 492
8 103
18 42
289 215
530 180
740 118
365 228
557 416
44 63
500 295
134 410
6 76
38 1
225 99
400 479
139 149
507 442
263 192
42 115
737 757
72 151
315 498
92 67
265 246
664 160
452 58
233 256
434 423
23 44
392 343
522 310
419 343
747 236
136 97
71 44
460 615
272 444
10 29
1 5
88 43
75 7
646 367
418 191
180 51
72 509
809 205
132 259
317 325
354 278
172 409
730 265
190 183
320 599
84 633
601 367
33 49
357 801
711 303
66 205
185 135
10 50
42 45
296 737
105 157
50 82
803 67
796 759
148 55
355 23
130 9
299 357
121 178
772 666
632 299
517 188
383 115
631 437
768 644
69 480
170 273
51 451
101 298
578 97
36 159
114 74
284 815
4 35
658 129
2 542
195 350
88 167
112 172
776 495
441 270
27 116
245 96
195 358
134 108
141 21
359 475
262 35
482 216
12 251
291 40
70 781
272 262
545 203
589 431
426 402
227 201
37 428
84 107
259 367
201 761
98 101
508 367
199 178
103 629
239 400
501 752
56 23
240 252
181 257
508 576
150 315
27 126
537 75
750 354
21 760
531 380
735 82
6 137
586 388
122 135
607 96
3 218
279 23
153 63
1 4
189 132
721 378
254 402
733 492
9 18
30 27
127 146
7 573
276 368
143 450
353 329
122 513
560 110
22 119
383 570
39 242
469 493
576 644
611 394
404 407
770 710
547 636
235 34
13 319
37 413
443 502
622 430
541 159
566 422
356 723
241 37
53 47
133 653
37 505
792 275
449 208
478 129
176 210
55 1
7 12
89 5
216 575
784 387
305 4
201 232
67 59
141 285
296 184
535 456
778 202
705 258
203 360
54 59
40 662
24 13
636 777
90 230
716 524
110 78
253 351
454 423
342 446
224 164
196 1
641 252
46 113
583 479
71 249
375 263
719 824
165 84
29 171
391 52
9 72
79 680
591 436
118 163
200 113
626 10
92 168
91 44
275 671
169 211
171 420
369 240
117 396
76 222
219 70
678 89
121 72
386 383
54 35
29 37
188 65
28 7
603 380
108 158
14 562
152 332
247 341
707 555
669 554
389 243
139 540
140 234
20 18
108 460
37 84
234 239
378 303
337 338
16 2
800 577
43 34
70 361
668 99
568 2
335 682
104 243
206 71
520 548
316 239
342 422
72 398
488 298
510 61
28 609
170 89
483 128
620 617
39 258
73 13
147 9
186 655
78 11
746 820
197 333
602 93
628 499
789 86
484 129
41 48
19 405
74 112
233 106
405 485
275 758
1 93
481 677
101 173
80 67
652 667
406 600
57 186
138 5
15 12
151 299
598 130
60 640
520 14
376 643
177 223
785 285
437 466
526 264
29 47
61 106
226 30
532 185
127 728
161 24
174 24
798 287
128 110
681 588
168 278
33 22
2 11
134 267
3 307
58 395
704 565
387 97
226 536
332 563
228 191
160 73
487 442
434 494
804 103
63 372
132 453
109 221
782 340
397 184
503 468
791 781
299 472
192 324
187 457
12 81
580 34
336 295
51 11
516 145
411 220
17 120
5 6
178 689
65 62
201 53
137 302
168 213
177 408
670 139
624 539
543 790
713 343
504 59
169 722
802 376
248 226
283 437
465 7
527 811
525 106
179 344
305 564
702 662
481 358
551 327
145 5
311 588
240 109
83 308
215 401
261 162
21 34
697 100
435 31
501 152
818 155
719 326
725 462
100 32
46 105
743 467
373 357
295 196
736 821
806 540
255 692
234 738
368 380
648 567
412 592
127 596
473 17
523 295
546 338
109 34
117 649
1 2
554 261
108 57
337 249
688 102
9 292
797 82
111 404
15 125
635 406
338 748
370 759
676 635
104 217
202 807
301 71
604 537
193 204
414 251
377 54
378 819
328 198
614 570
739 184
145 212
167 334
69 34
278 528
613 422
412 687
173 647
691 650
118 85
95 26
406 109
714 19
185 455
13 90
343 699
227 282
81 352
524 766
362 579
129 57
209 119
117 23
764 715
519 673
32 29
9 5
75 143
349 332
215 131
61 176
127 459
16 23
518 327
543 366
331 216
196 412
795 681
685 487
231 173
203 254
85 12
127 379
618 324
774 111
150 124
267 311
742 368
294 216
487 637
323 696
286 159
68 41
69 345
489 657
116 474
303 443
476 64
590 466
85 274
416 130
23 123
666 503
209 694
549 161
154 581
276 245
39 154
3 19
55 58
304 553
712 596
536 561
6 7
60 139
109 237
266 101
347 76
64 2
191 58
283 233
558 110
149 202
375 659
625 373
62 343
533 448
25 741
419 538
193 342
9 179
489 189
111 326
17 40
560 724
12 79
762 394
51 534
385 42
381 320
78 277
183 496
54 133
675 259
327 29
79 310
124 512
293 356
202 260
62 15
321 746
107 198
297 147
187 24
447 184
60 35
238 154
46 37
63 780
359 196
44 162
430 134
191 214
732 173
429 51
119 556
269 162
136 415
635 639
98 57
369 710
191 582
105 127
424 585
82 207
47 111
794 542
197 137
169 362
216 21
329 248
62 203
466 787
492 325
511 233
287 140
387 693
775 562
39 20
230 399
793 594
370 816
527 255
132 92
131 47
240 612
388 445
86 181
238 616
337 731
8 1
144 194
371 94
623 443
749 173
236 808
195 126
136 142
427 340
751 27
17 97
810 111
229 218
13 17
131 322
95 438
799 574
13 11
36 34
72 634
183 52
574 305
346 6
313 200
21 86
330 315
246 111
140 24
291 421
59 220
684 356
284 106
25 21
304 9
461 328
119 442
505 771
366 168
89 448
192 96
665 235
60 571
621 105
102 690
470 31
58 651
44 87
495 117
706 178
348 66
22 12
527 715
34 52
569 529
672 788
567 45
393 281
61 166
679 516
783 535
55 469
181 822
290 61
814 34
423 765
83 99
220 247
281 237
193 464
77 7
463 7
31 5
390 230
727 323
1 3
64 363
208 147
335 116
238 370
177 42
594 508
779 60
572 441
43 250
252 654
426 617
645 203
467 236
193 187
144 12
58 280
248 720
155 101
376 50
329 417
96 78
383 593
171 587
339 69
753 718
11 156
521 443
33 630
773 615
366 436
4 14
595 72
519 33
506 823
786 32
672 561
701 150
23 506
240 244
52 388
490 480
307 524
729 595
31 268
171 182
555 252
137 236
805 588
50 314
12 21
253 222
619 575
423 11
763 345
514 355
584 257
104 98
323 24
610 319
650 366
300 168
308 756
425 420
124 116
734 374
169 121
432 153
134 255
221 812
67 565
384 173
260 736
497 485
193 515
499 309
137 184
226 477
638 36
103 175
630 755
74 83
127 726
674 587
439 433
382 2
380 695
275 321
458 133
544 429
299 317
660 94
243 652
309 156
272 374
698 490
22 708
539 95
271 199
164 148
270 232
139 293
92 152
491 180
605 338
225 529
364 151
343 744
303 268
124 462
194 264
107 471
90 102
399 577
709 289
94 30
26 16
64 70
552 202
275 113
395 424
28 66
64 306
661 185
745 422
113 312
318 110
229 700
813 785
253 403
817 606