3729.83113429
3858.87372429
3971.95778429
4101.00037429
4232.04086429
4361.08345429
4464.09264429
4521.11410429
4652.15459429
4815.21792429
4929.26085429
5076.32926429
5204.42422429
5305.47190429
5376.50901429
5490.55194429
5587.60470429
5702.63164429
5830.69022429
5961.73071429
6108.79912429
6209.84680429
6322.93086429
6479.03197429
6550.06908429
6706.17019429
6763.19165429
6876.27571429
7004.37067429
7119.39761429
7275.49872429
7372.55148429
7503.59197429
7631.68693429
7760.72952429
7873.81358429
7972.88199429
8085.96605429
8200.00898429
8347.07739429
8461.12032429
8562.16800429
8661.23641429
8764.24560429
8865.29328429
8966.34096429
9023.36242429
9160.42133429
9273.50539429
9374.55307429
9511.61198429
9697.69129429
9800.70048429
9913.78454429
10010.8373043
10109.9057143
10180.9428243
10280.0112343
10408.0698143
10495.1018443
10651.2029543
10807.3040643
10963.4051743
11060.4579343
11175.4848743
11288.5689343
11474.6482443
11660.7275543
11774.7704843
11877.7796743
12008.8201643
12137.8627543
12240.8719443
12337.9247043
12452.9516443
12567.9785843
12715.0469943
12786.0841043
12843.1055643
12942.1739743
13079.2328843
13166.2649143
13253.2969443
13381.3555243